
Матрица ошибок (Дата и время: 2024-04-26 15:00:51):
3524 12 18 14 37
43 2302 6 30 55
13 5 1703 31 61
15 12 17 4353 44
34 13 9 46 1897

Матрица ошибок (Дата и время: 2024-04-26 15:01:00):
3524 12 18 14 37
43 2302 6 30 55
13 5 1703 31 61
15 12 17 4353 44
34 13 9 46 1897

Матрица ошибок (Дата и время: 2024-04-26 15:06:11):
3524 12 18 14 37
43 2302 6 30 55
13 5 1703 31 61
15 12 17 4353 44
34 13 9 46 1897

Матрица ошибок (Дата и время: 2024-04-26 15:23:31):
3524 12 18 14 37
43 2302 6 30 55
13 5 1703 31 61
15 12 17 4353 44
34 13 9 46 1897

Матрица ошибок (Дата и время: 2024-04-26 15:30:08):
3524 12 18 14 37
43 2302 6 30 55
13 5 1703 31 61
15 12 17 4353 44
34 13 9 46 1897

Матрица ошибок (Дата и время: 2024-04-28 19:47:16):
3038 89 40 81 196
157 1895 20 145 244
108 23 1324 164 262
81 58 66 4059 188
191 88 81 195 1649

Матрица ошибок (Дата и время: 2024-04-28 19:47:35):
3524 12 18 14 37
43 2302 6 30 55
13 5 1703 31 61
15 12 17 4353 44
34 13 9 46 1897

Матрица ошибок (Дата и время: 2024-05-03 22:06:27):
3524 12 18 14 37
43 2302 6 30 55
13 5 1703 31 61
15 12 17 4353 44
34 13 9 46 1897

Матрица ошибок (Дата и время: 2024-05-03 22:10:11):
3038 89 40 81 196
157 1895 20 145 244
108 23 1324 164 262
81 58 66 4059 188
191 88 81 195 1649
